SRR3414637_sorted <- c(0.0,0.015512238672717804,0.0531675470575106,0.09565880514842645,0.13473699873521316,0.18772784763038464,0.23882151625623094,0.29595082211145,0.3493415668477048,0.3998958410832527,0.4375232497582025,0.4770664385090395,0.49981400193437986,0.5217524737742727,0.5622628524663343,0.5866471988691317,0.6322353247526226,0.6625623093519828,0.6887787367011383,0.7121679934528681,0.7263782456662451,0.7282754259355703,0.7406349973960271,0.7684324083029537,0.8103098727773231,0.8219254519752994,0.8431478312625549,0.8701826501004389,0.8627241276690722,0.8510062495350048,0.8620266349229968,0.8510434491481289,0.883025816531508,0.8772970761104084,0.8849136968975523,0.9045085931106317,0.8761066884904397,0.9171843612826427,0.9244289859385463,0.9311435161074325,0.9442005803139647,0.9323525035339633,0.9244754854549513,0.9816233911167324,0.9624934900677034,0.9693382188825236,0.9566159511941076,0.9918997842422439,0.9973402276616323,0.9662506509932297,0.9331894948292537,0.9698125139498549,0.9349843761624879,0.9072520645785284,0.941550107878878,0.9765642437318652,0.9596198199538725,0.9662041514768246,0.9405829179376535,0.9409735138754557,0.9492318279889889,0.9437541849564764,0.9564392530317685,0.9681013317461499,0.9599732162785507,0.9443121791533368,0.9601127148277658,0.9597407186965256,0.9881612231232795,0.9689011234283164,0.9854642511717878,0.9545420727624433,0.9498642214120974,0.9633583810728369,0.9765921434417082,0.966864444609776,0.9892679116137192,0.9733650770031992,0.9709471021501377,0.9791682166505469,1.0,0.9798564094933413,0.9757086526300126,0.9641674726582844,0.9144222900081839,0.8785246633435012,0.8699036530020088,0.9003887359571461,0.8937951045309129,0.8563071944051782,0.8530243285469831,0.8218138531359274,0.8044416338070084,0.7915891674726583,0.7421415817275501,0.6949724722862882,0.6302823450636114,0.5557343203630682,0.43195260769288,0.270543486347742)
SRR3414630_sorted <- c(0.0,0.016483316995243802,0.057873143811494755,0.10410388604485109,0.14975371842815477,0.19940940831911314,0.24807271054956492,0.3048808529692965,0.3640610439434097,0.4171416814919701,0.45434411647242495,0.5010105410933208,0.5228793764900943,0.5459826453182297,0.5743262050853817,0.6028270946035895,0.6477628919628702,0.6797371382928512,0.6986167084195621,0.7248302654031877,0.7506807537305304,0.7485628532355468,0.7520725169129482,0.7985816117827881,0.8329400089556935,0.8514807150032071,0.8596013506154013,0.8657493131951252,0.8759515424366747,0.8702271599559477,0.8813249585496618,0.8624453884229508,0.890571106996333,0.8929189509736292,0.8934151448038824,0.9109513609023466,0.8953031018165535,0.9296736012780017,0.936354064553607,0.9401420808674921,0.9460722022534461,0.9420784470343342,0.9326265596824359,0.9741374093841145,0.961684154473611,0.9703614953587724,0.9631727359643708,0.9980999406987862,1.0,0.9562986360720812,0.9251110384973799,0.9531762456280483,0.9303755340134819,0.8994420844981786,0.9282092243643273,0.9576782969659563,0.9429619140979559,0.9348049716201333,0.9206452940251001,0.9229084219825969,0.9257282552130608,0.9185152912415738,0.9369107698265742,0.9542412470198115,0.9294315555071464,0.9183458592019751,0.9449708939960546,0.9324571276428373,0.9569037504992194,0.9336310496314854,0.9482990233453146,0.9165789250747316,0.9048276028997083,0.9095353931428433,0.9193019399968534,0.9233441043701364,0.9288990548112648,0.9164215953236757,0.9168451754226724,0.9222791029783732,0.9403236151956335,0.9337036633627419,0.9268537680475378,0.9049002166309649,0.8634619806605429,0.8347916591027363,0.8277239225937625,0.8507666799791841,0.8402739958126082,0.7943337085042782,0.8030231516779823,0.7740744774836922,0.7518667780077213,0.730034249476576,0.6845054399787,0.6359752629222186,0.5775575161262995,0.5042418521342386,0.39492187972745646,0.25114669183942684)
SRR3414631_sorted <- c(0.0,0.025823905558288243,0.07953613856220841,0.1402167270342381,0.19940675818688608,0.2539238921432724,0.29739599636304015,0.3520770916245584,0.4030541519474131,0.4584134507892501,0.4949619162604898,0.5428684285054182,0.5607625691245957,0.5815483909433737,0.6170311079312555,0.6410216279867043,0.6823249713067716,0.69346688726915,0.7188138144852361,0.7505626853880666,0.7669140991816841,0.7651925054777982,0.7661688205219932,0.8032613394148072,0.8356884138979565,0.8496325776207724,0.8565785747290912,0.8678993575697953,0.8786313702693437,0.8796971187527016,0.894259863763061,0.86629700845146,0.8951169342217055,0.8970993754564832,0.908360536004412,0.9275589142780486,0.9198229217904574,0.9389169610517373,0.9466305951795376,0.9506252887954806,0.9437910834861155,0.9297574863241366,0.9294370165004695,0.9589500514242275,0.9539268732579111,0.9693019720073336,0.9611486234703156,0.9849379182876478,1.0,0.9752865596446512,0.9361594300108811,0.9512811340160086,0.9368898030973781,0.8985750272026711,0.9299363532024624,0.9509457586191477,0.9340055746843745,0.9297723918973304,0.9324255839258299,0.934624155971918,0.9428967490944864,0.9326342619505433,0.9514376425345437,0.973177421037726,0.94064600754222,0.9328131288288691,0.9677219812487889,0.949134731476099,0.9647259610368317,0.9318964360774493,0.9416968504523842,0.9206427283161174,0.911296933923594,0.9118409873451684,0.9316728524795421,0.9406087436092355,0.939021300064094,0.9211718761644979,0.9242126130960366,0.940809968847352,0.9478379466082368,0.9470330456557707,0.9308455931672852,0.9137041839943955,0.8778562804632652,0.8508473818360686,0.8499455946578426,0.8703960410797598,0.8463458987315358,0.8098570555530713,0.8181371014622367,0.786977000700562,0.7600277243661405,0.7313792126876238,0.6856563669155897,0.6298349953047444,0.5587428639568335,0.47875955819881055,0.35650404686312215,0.22985139143525765)
SRR3414635_sorted <- c(0.0,0.024624211545596873,0.0800626238676573,0.14493081510574565,0.2023420602528484,0.264558691776545,0.30795196423561777,0.3714898507705813,0.4216070442801423,0.4812807123917431,0.5146921747314503,0.5500583705124841,0.5767187627261292,0.5988724083944942,0.6346729893847115,0.6580483434539054,0.7006180939539008,0.7104822580791124,0.7350883702409933,0.759812128397028,0.7758481823693903,0.7792689658917114,0.7752328033230469,0.8063003954715342,0.8432140885602846,0.8489968416575415,0.8641369761359625,0.8723812454185935,0.8783178432774364,0.8875485289725885,0.8925168098026263,0.8761278178478022,0.9070144161591298,0.9012769115211627,0.9063718880372124,0.9355390448955213,0.9261907132062154,0.9385706916679487,0.9505615333797884,0.945240314567289,0.9387516855051086,0.9298829874842761,0.9205075067193962,0.9634482945855694,0.9598374675342305,0.9738735396059764,0.9632492013646935,0.9698826254966019,1.0,0.9818644175165836,0.9404620772662691,0.9512764590365698,0.9356476411978172,0.9015936507361925,0.9337291065239228,0.9528692048035764,0.9324711993556619,0.9317381743151646,0.9302992733097438,0.9337110071402068,0.9442176993873359,0.935873883494267,0.9547605904018969,0.9686790164794888,0.9419733758065538,0.93009113039701,0.9527334594257065,0.9464710726599759,0.9564619324711994,0.9314395344838509,0.9504710364612085,0.9191591026325554,0.907955584112361,0.9036388810960987,0.9269237382467127,0.9265074524212451,0.9359734301047049,0.9157111700346603,0.9225889358467344,0.9361725233255808,0.9447516312069574,0.9349598646166098,0.9220369046433969,0.9126523741866589,0.8703179156749713,0.8514040596917675,0.85535877503371,0.8697930335472077,0.8325354521678537,0.7980108777296133,0.803051556094515,0.7697124912896716,0.7462194912263237,0.7174414711179085,0.6770526963556891,0.6190170224703849,0.5456783196532158,0.47585994696880574,0.3558610329318287,0.23015176333245854)
